0.00000000000000e+00 -1.38057245395051e+00 -1.36739130434783e+00 -1.33062500000000e+00
2.50000000000000e-02 -1.38057245650093e+00 -1.36739130434783e+00 -1.33062500000000e+00
5.00000000000000e-02 -1.38057544476529e+00 -1.36739130434783e+00 -1.33062500000000e+00
7.50000000000000e-02 -1.38061391864711e+00 -1.36739130434845e+00 -1.33062500000000e+00
1.00000000000000e-01 -1.38074855446312e+00 -1.36739130533966e+00 -1.33062500000000e+00
1.25000000000000e-01 -1.38102579071390e+00 -1.36739138285695e+00 -1.33062500000000e+00
1.50000000000000e-01 -1.38146969590097e+00 -1.36739270318337e+00 -1.33062500000039e+00
1.75000000000000e-01 -1.38209028606214e+00 -1.36740199202017e+00 -1.33062500002072e+00
2.00000000000000e-01 -1.38289062932073e+00 -1.36743957545420e+00 -1.33062500041223e+00
2.25000000000000e-01 -1.38387075572456e+00 -1.36754523747518e+00 -1.33062500427949e+00
2.50000000000000e-01 -1.38502955841549e+00 -1.36777671313381e+00 -1.33062502813384e+00
2.75000000000000e-01 -1.38636567506456e+00 -1.36820164580704e+00 -1.33062513253329e+00
3.00000000000000e-01 -1.38787788507674e+00 -1.36888739058448e+00 -1.33062548588914e+00
3.25000000000000e-01 -1.38956528193526e+00 -1.36989247252036e+00 -1.33062646805955e+00
3.50000000000000e-01 -1.39142734084539e+00 -1.37126137877399e+00 -1.33062880850198e+00
3.75000000000000e-01 -1.39346393556916e+00 -1.37302265958789e+00 -1.33063374298530e+00
4.00000000000000e-01 -1.39567532789534e+00 -1.37518950992874e+00 -1.33064316781105e+00
4.25000000000000e-01 -1.39806213990443e+00 -1.37776185446592e+00 -1.33065977188416e+00
4.50000000000000e-01 -1.40062531395986e+00 -1.38072912090921e+00 -1.33068713273094e+00
4.75000000000000e-01 -1.40336606363477e+00 -1.38407313393044e+00 -1.33072976985682e+00
5.00000000000000e-01 -1.40628581839686e+00 -1.38777078701175e+00 -1.33079315545554e+00
5.25000000000000e-01 -1.40938616480560e+00 -1.39179631870260e+00 -1.33088368727145e+00
5.50000000000000e-01 -1.41266878684850e+00 -1.39612313291104e+00 -1.33100863112716e+00
5.75000000000000e-01 -1.41613540775869e+00 -1.40072517154886e+00 -1.33117604155664e+00
6.00000000000000e-01 -1.41978773524517e+00 -1.40557788506766e+00 -1.33139466864792e+00
6.25000000000000e-01 -1.42362741159242e+00 -1.41065886296607e+00 -1.33167385811990e+00
6.50000000000000e-01 -1.42765596960958e+00 -1.41594819016179e+00 -1.33202345025393e+00
6.75000000000000e-01 -1.43187479497892e+00 -1.42142859165918e+00 -1.33245368186201e+00
7.00000000000000e-01 -1.43628509518518e+00 -1.42708542077247e+00 -1.33297509416798e+00
7.25000000000000e-01 -1.44088787491916e+00 -1.43290653752592e+00 -1.33359844838702e+00
7.50000000000000e-01 -1.44568391763034e+00 -1.43888211508628e+00 -1.33433464993223e+00
7.75000000000000e-01 -1.45067377276064e+00 -1.44500440393627e+00 -1.33519468154038e+00
8.00000000000000e-01 -1.45585774809436e+00 -1.45126747633853e+00 -1.33618954516167e+00
8.25000000000000e-01 -1.46123590661917e+00 -1.45766696759728e+00 -1.33733021216332e+00
8.50000000000000e-01 -1.46680806727851e+00 -1.46419982568982e+00 -1.33862758121934e+00
8.75000000000000e-01 -1.47257380901421e+00 -1.47086407692258e+00 -1.34009244316741e+00
9.00000000000000e-01 -1.47853247752465e+00 -1.47765861224111e+00 -1.34173545208358e+00
9.25000000000000e-01 -1.48468319421700e+00 -1.48458299655120e+00 -1.34356710183651e+00
9.50000000000000e-01 -1.49102486687079e+00 -1.49163730175482e+00 -1.34559770741984e+00
9.75000000000000e-01 -1.49755620159198e+00 -1.49882196304536e+00 -1.34783739041379e+00
1.00000000000000e+00 -1.50427571568580e+00 -1.50613765723442e+00 -1.35029606798687e+00
1.02500000000000e+00 -1.51118175112256e+00 -1.51358520140492e+00 -1.35298344491093e+00
1.05000000000000e+00 -1.51827248833094e+00 -1.52116546992790e+00 -1.35590900812361e+00
1.07500000000000e+00 -1.52554596008140e+00 -1.52887932778218e+00 -1.35908202343020e+00
1.10000000000000e+00 -1.53300006527523e+00 -1.53672757812940e+00 -1.36251153399022e+00
1.12500000000000e+00 -1.54063258248195e+00 -1.54471092218521e+00 -1.36620636028216e+00
1.15000000000000e+00 -1.54844118310361e+00 -1.55282992956242e+00 -1.37017510128331e+00
1.17500000000000e+00 -1.55642344406850e+00 -1.56108501742315e+00 -1.37442613663932e+00
1.20000000000000e+00 -1.56457685998464e+00 -1.56947643695018e+00 -1.37896762963194e+00
1.22500000000000e+00 -1.57289885469697e+00 -1.57800426582124e+00 -1.38380753078220e+00
1.25000000000000e+00 -1.58138679221659e+00 -1.58666840553805e+00 -1.38895358195160e+00
1.27500000000000e+00 -1.59003798699935e+00 -1.59546858261957e+00 -1.39441332082559e+00
1.30000000000000e+00 -1.59884971356487e+00 -1.60440435281312e+00 -1.40019408568207e+00
1.32500000000000e+00 -1.60781921545577e+00 -1.61347510760797e+00 -1.40630302036384e+00
1.35000000000000e+00 -1.61694371354801e+00 -1.62268008245142e+00 -1.41274707938730e+00
1.37500000000000e+00 -1.62622041372341e+00 -1.63201836616986e+00 -1.41953303313129e+00
1.40000000000000e+00 -1.63564651392610e+00 -1.64148891118565e+00 -1.42666747305999e+00
1.42500000000000e+00 -1.64521921062514e+00 -1.65109054419716e+00 -1.43415681694185e+00
1.45000000000000e+00 -1.65493570470920e+00 -1.66082197705493e+00 -1.44200731403371e+00
1.47500000000000e+00 -1.66479320684024e+00 -1.67068181762194e+00 -1.45022505020524e+00
1.50000000000000e+00 -1.67478894229494e+00 -1.68066858045307e+00 -1.45881595298375e+00
1.52500000000000e+00 -1.68492015532488e+00 -1.69078069716742e+00 -1.46778579650367e+00
1.55000000000000e+00 -1.69518411306103e+00 -1.70101652642005e+00 -1.47714020634860e+00
1.57500000000000e+00 -1.70557810899623e+00 -1.71137436340576e+00 -1.48688466427661e+00
1.60000000000000e+00 -1.71609946607046e+00 -1.72185244884980e+00 -1.49702451282211e+00
1.62500000000000e+00 -1.72674553938826e+00 -1.73244897745758e+00 -1.50756495976963e+00
1.65000000000000e+00 -1.73751371859644e+00 -1.74316210580992e+00 -1.51851108249644e+00
1.67500000000000e+00 -1.74840142994424e+00 -1.75398995970120e+00 -1.52986783218246e+00
1.70000000000000e+00 -1.75940613805541e+00 -1.76493064092666e+00 -1.54164003788703e+00
1.72500000000000e+00 -1.77052534742985e+00 -1.77598223353174e+00 -1.55383241049301e+00
1.75000000000000e+00 -1.78175660370273e+00 -1.78714280954115e+00 -1.56644954651954e+00
1.77500000000000e+00 -1.79309749467853e+00 -1.79841043418929e+00 -1.57939891202725e+00
1.80000000000000e+00 -1.80454565115832e+00 -1.80978317067579e+00 -1.59245693355617e+00
1.82500000000000e+00 -1.81609874758419e+00 -1.82125908447167e+00 -1.60561158737146e+00
1.85000000000000e+00 -1.82775450251132e+00 -1.83283624720255e+00 -1.61885987152265e+00
1.87500000000000e+00 -1.83951067892804e+00 -1.84451274013545e+00 -1.63219889512493e+00
1.90000000000000e+00 -1.85136508443775e+00 -1.85628665729576e+00 -1.64562587404493e+00
1.92500000000000e+00 -1.86331557131583e+00 -1.86815610824023e+00 -1.65913812672182e+00
1.95000000000000e+00 -1.87536003645380e+00 -1.88011922051138e+00 -1.67273307012591e+00
1.97500000000000e+00 -1.88749642120571e+00 -1.89217414179742e+00 -1.68640821585561e+00
2.00000000000000e+00 -1.89972271114243e+00 -1.90431904182105e+00 -1.70016116637280e+00

