0.0 -1.0 -1.0 -1.0 -1.0 0.0 -1.0 0.0 -1.0 0.0
5.00000000000000e-02 -1.00062509771734e+00 -1.00062500000000e+00 -1.00062500000000e+00 -1.00062509772813e+00 3.88199753830919e-08 -1.00062510252184e+00 1.43463826916196e-08 -1.00062510253378e+00 1.33578376581414e-08
1.00000000000000e-01 -1.00250156642158e+00 -1.00250000000000e+00 -1.00250000000000e+00 -1.00250158254850e+00 3.20418393806391e-07 -1.00250157853107e+00 1.00168462066134e-07 -1.00250157847000e+00 9.99375677282204e-08
1.50000000000000e-01 -1.00563295504633e+00 -1.00562500000000e+00 -1.00562500000000e+00 -1.00563307617920e+00 1.08846555238091e-06 -1.00563293648742e+00 3.38255486983710e-07 -1.00563293732222e+00 3.39887572026593e-07
2.00000000000000e-01 -1.01002525398459e+00 -1.01000000000000e+00 -1.01000000000000e+00 -1.01002615535667e+00 2.63407838535675e-06 -1.01002490374688e+00 7.76132063344852e-07 -1.01002488276125e+00 7.86809312455988e-07
2.50000000000000e-01 -1.01568701285279e+00 -1.01562500000000e+00 -1.01562500000000e+00 -1.01568478968003e+00 4.86956453759119e-06 -1.01568811168566e+00 1.61625136276484e-06 -1.01568819756869e+00 1.58945431063426e-06
3.00000000000000e-01 -1.02262951492087e+00 -1.02250000000000e+00 -1.02250000000000e+00 -1.02262692630516e+00 8.86127391152433e-06 -1.02263044777216e+00 2.80731965847880e-06 -1.02263063326002e+00 2.76208905752139e-06
3.50000000000000e-01 -1.03086701915358e+00 -1.03062500000000e+00 -1.03062500000000e+00 -1.03085226738862e+00 1.37455660503089e-05 -1.03087368635903e+00 4.57857015241506e-06 -1.03087475875321e+00 4.44936147296367e-06
4.00000000000000e-01 -1.04041708623583e+00 -1.04000000000000e+00 -1.04000000000000e+00 -1.04039800188263e+00 2.15571390301156e-05 -1.04042484385584e+00 6.81810052112932e-06 -1.04042634160042e+00 6.61451176355538e-06
4.50000000000000e-01 -1.05130101280444e+00 -1.05062500000000e+00 -1.05062500000000e+00 -1.05129591555309e+00 3.20261423588732e-05 -1.05129893815517e+00 9.55738547172772e-06 -1.05129879307029e+00 9.32678315566075e-06
5.00000000000000e-01 -1.06354440997336e+00 -1.06250000000000e+00 -1.06250000000000e+00 -1.06349642800477e+00 4.23582343764477e-05 -1.06355478395866e+00 1.40310986068412e-05 -1.06355778838817e+00 1.29540868020982e-05
5.50000000000000e-01 -1.07717798096640e+00 -1.07562500000000e+00 -1.07562500000000e+00 -1.07717003160371e+00 6.04549260863953e-05 -1.07716746197317e+00 1.84527008451238e-05 -1.07716497788229e+00 1.73342025006865e-05
6.00000000000000e-01 -1.09223858355468e+00 -1.09000000000000e+00 -1.09000000000000e+00 -1.09213042341355e+00 7.78379934080300e-05 -1.09224547865815e+00 2.46542050977540e-05 -1.09225361106509e+00 2.29227678748408e-05
6.50000000000000e-01 -1.10877071651195e+00 -1.10562500000000e+00 -1.10562500000000e+00 -1.10862122715107e+00 9.99764288250012e-05 -1.10877336940463e+00 3.29677679686340e-05 -1.10878299920589e+00 2.91484070884452e-05
7.00000000000000e-01 -1.12682866758698e+00 -1.12250000000000e+00 -1.12250000000000e+00 -1.12675019952529e+00 1.29071781340379e-04 -1.12678167619593e+00 4.24555189186263e-05 -1.12676076318984e+00 3.74269899710384e-05
7.50000000000000e-01 -1.14647975437074e+00 -1.14062500000000e+00 -1.14062500000000e+00 -1.14613934194779e+00 1.50875585603450e-04 -1.14644261802386e+00 5.46695642446508e-05 -1.14646602304710e+00 4.65686744443999e-05
8.00000000000000e-01 -1.16780950852073e+00 -1.16000000000000e+00 -1.16000000000000e+00 -1.16741016250104e+00 1.91665391454183e-04 -1.16773709218529e+00 7.13437586591528e-05 -1.16774334989731e+00 6.04084748428610e-05
8.50000000000000e-01 -1.19093067817423e+00 -1.18062500000000e+00 -1.18062500000000e+00 -1.19013771733582e+00 2.18562312687586e-04 -1.19079937380757e+00 8.95948311138164e-05 -1.19086238887276e+00 7.45427261079250e-05
9.00000000000000e-01 -1.21600091410973e+00 -1.20250000000000e+00 -1.20250000000000e+00 -1.21480221798910e+00 2.56757003076219e-04 -1.21571139089066e+00 1.14369174100652e-04 -1.21582845217537e+00 9.42934206918868e-05
9.50000000000000e-01 -1.24326570427043e+00 -1.22562500000000e+00 -1.22562500000000e+00 -1.24121305021398e+00 2.83462283597053e-04 -1.24271854941587e+00 1.45957116048191e-04 -1.24299479117547e+00 1.17964326903781e-04
1.00000000000000e+00 -1.27323954473487e+00 -1.25000000000000e+00 -1.25000000000000e+00 -1.26977253683880e+00 3.33672577829060e-04 -1.27199131797909e+00 1.71753745117488e-04 -1.27243848007949e+00 1.43659972705472e-04
1.05000000000000e+00 -1.30685647027100e+00 -1.28809523809524e+00 -1.27562500000000e+00 -1.30047989517866e+00 3.52010517904844e-04 -1.30390902233820e+00 2.15603809009922e-04 -1.30476928478129e+00 1.86227339138082e-04
1.10000000000000e+00 -1.34286402272510e+00 -1.32727272727273e+00 -1.30250000000000e+00 -1.33367501898862e+00 3.53833486133419e-04 -1.33918749754365e+00 2.49831485135168e-04 -1.34051858437336e+00 2.23478088809987e-04
1.15000000000000e+00 -1.38057245395047e+00 -1.36739130434783e+00 -1.33062500000000e+00 -1.36930895628033e+00 3.45723258433404e-04 -1.37657668082116e+00 2.43586246293180e-04 -1.37807263088150e+00 2.25901215699641e-04
1.20000000000000e+00 -1.41961927489824e+00 -1.40833333333333e+00 -1.36000000000000e+00 -1.40835602280175e+00 3.29701495637933e-04 -1.41690990301792e+00 2.34159278910077e-04 -1.41866957337250e+00 2.18345933760310e-04
1.25000000000000e+00 -1.45976188565092e+00 -1.45000000000000e+00 -1.39062500000000e+00 -1.44953805377048e+00 2.93094614116750e-04 -1.45767701514660e+00 2.14428626968480e-04 -1.45892746595152e+00 1.98494256902107e-04
1.30000000000000e+00 -1.50082324367504e+00 -1.49230769230769e+00 -1.42250000000000e+00 -1.49179797340110e+00 2.66177895702505e-04 -1.49904425344292e+00 1.99660954980301e-04 -1.50022847299588e+00 1.78773728057380e-04
1.35000000000000e+00 -1.54266776769786e+00 -1.53518518518519e+00 -1.45562500000000e+00 -1.53449350351445e+00 2.52942318311907e-04 -1.54121909012805e+00 1.82599785073124e-04 -1.54208804386049e+00 1.66712339817730e-04
1.40000000000000e+00 -1.58518830005403e+00 -1.57857142857143e+00 -1.49000000000000e+00 -1.57790079851885e+00 2.30953628179030e-04 -1.58398518026970e+00 1.66324066750754e-04 -1.58476564151955e+00 1.49714009254984e-04
1.45000000000000e+00 -1.62829820638691e+00 -1.62241379310345e+00 -1.52562500000000e+00 -1.62184269442957e+00 2.28494077876924e-04 -1.62734505640114e+00 1.54972096201299e-04 -1.62802221816728e+00 1.35578552259383e-04
1.50000000000000e+00 -1.67192622153621e+00 -1.66666666666667e+00 -1.56250000000000e+00 -1.66622369582901e+00 2.12343042554798e-04 -1.67135089517214e+00 1.41013148512537e-04 -1.67184928671550e+00 1.28110426367880e-04
1.55000000000000e+00 -1.71601290735509e+00 -1.71129032258065e+00 -1.60062500000000e+00 -1.71088820572423e+00 1.95770934290094e-04 -1.71543556626143e+00 1.33453758065784e-04 -1.71594304150999e+00 1.17080802553704e-04
1.60000000000000e+00 -1.76050812220455e+00 -1.75625000000000e+00 -1.64000000000000e+00 -1.75593313171100e+00 1.87730340378209e-04 -1.76009810558039e+00 1.24651831081181e-04 -1.76050503409683e+00 1.11052158435962e-04
1.65000000000000e+00 -1.80536915813144e+00 -1.80151515151515e+00 -1.68062500000000e+00 -1.80116535993562e+00 1.70621946346161e-04 -1.80500460672498e+00 1.12407554869843e-04 -1.80535055681420e+00 1.02605454246730e-04
1.70000000000000e+00 -1.85055933627953e+00 -1.84705882352941e+00 -1.72250000000000e+00 -1.84673374743538e+00 1.60096738923165e-04 -1.85024281598883e+00 1.06331737723431e-04 -1.85054523463236e+00 9.52599463551917e-05
1.75000000000000e+00 -1.89604692678269e+00 -1.89285714285714e+00 -1.76562500000000e+00 -1.89265604883483e+00 1.54512047531483e-04 -1.89583353425956e+00 9.80606642547744e-05 -1.89609204852781e+00 8.94134266724609e-05
1.80000000000000e+00 -1.94180430439134e+00 -1.93888888888889e+00 -1.81000000000000e+00 -1.93863464796255e+00 1.43585547072696e-04 -1.94161401169592e+00 8.90669716742568e-05 -1.94185412614962e+00 8.84292295223822e-05
1.85000000000000e+00 -1.98780727905664e+00 -1.98513513513514e+00 -1.85562500000000e+00 -1.98487073524993e+00 1.40243130215485e-04 -1.98765517280717e+00 8.61216555373576e-05 -1.98787342703446e+00 7.52861832957819e-05
1.90000000000000e+00 -2.03403455874093e+00 -2.03157894736842e+00 -1.90250000000000e+00 -2.03132593013724e+00 1.29897513669903e-04 -2.03390267518667e+00 7.98586269524024e-05 -2.03411441381167e+00 7.35082435497283e-05
1.95000000000000e+00 -2.08046731373309e+00 -2.07820512820513e+00 -1.95062500000000e+00 -2.07800894946232e+00 1.25131989328397e-04 -2.08037339096804e+00 7.56956082053083e-05 -2.08056866974341e+00 6.98216884998959e-05
2.00000000000000e+00 -2.12708881994673e+00 -2.12500000000000e+00 -2.00000000000000e+00 -2.12480791645147e+00 1.18448854246298e-04 -2.12701950877671e+00 7.18001154847422e-05 -2.12718296290230e+00 6.39703293641606e-05

